   0.23039    0.23039    0.23039    0.23039    0.23039    0.23039    0.23039    0.23039    0.23039
   0.42651    0.42651    0.42651    0.42651    0.42651    0.42651    0.42651    0.42651    0.42651
   0.56451    0.56451    0.56451    0.56451    0.56451    0.56451    0.56451    0.56451    0.56451
   0.63832    0.63832    0.63832    0.63832    0.63832    0.63832    0.63832    0.63832    0.63832
   0.65883    0.65883    0.65883    0.65883    0.65883    0.65883    0.65883    0.65883    0.65883
   0.63832    0.63832    0.63832    0.63832    0.63832    0.63832    0.63832    0.63832    0.63832
   0.56451    0.56451    0.56451    0.56451    0.56451    0.56451    0.56451    0.56451    0.56451
   0.42651    0.42651    0.42651    0.42651    0.42651    0.42651    0.42651    0.42651    0.42651
   0.23039    0.23039    0.23039    0.23039    0.23039    0.23039    0.23039    0.23039    0.23039
   0.42651    0.42651    0.42651    0.42651    0.42651    0.42651    0.42651    0.42651    0.42651
   0.78420    0.78420    0.78420    0.78420    0.78420    0.78420    0.78420    0.78420    0.78420
   1.02522    1.02522    1.02522    1.02522    1.02522    1.02522    1.02522    1.02522    1.02522
   1.13998    1.13998    1.13998    1.13998    1.13998    1.13998    1.13998    1.13998    1.13998
   1.16263    1.16263    1.16263    1.16263    1.16263    1.16263    1.16263    1.16263    1.16263
   1.13998    1.13998    1.13998    1.13998    1.13998    1.13998    1.13998    1.13998    1.13998
   1.02522    1.02522    1.02522    1.02522    1.02522    1.02522    1.02522    1.02522    1.02522
   0.78420    0.78420    0.78420    0.78420    0.78420    0.78420    0.78420    0.78420    0.78420
   0.42651    0.42651    0.42651    0.42651    0.42651    0.42651    0.42651    0.42651    0.42651
   0.56451    0.56451    0.56451    0.56451    0.56451    0.56451    0.56451    0.56451    0.56451
   1.02522    1.02522    1.02522    1.02522    1.02522    1.02522    1.02522    1.02522    1.02522
   1.30711    1.30711    1.30711    1.30711    1.30711    1.30711    1.30711    1.30711    1.30711
   1.39451    1.39451    1.39451    1.39451    1.39451    1.39451    1.39451    1.39451    1.39451
   1.36577    1.36577    1.36577    1.36577    1.36577    1.36577    1.36577    1.36577    1.36577
   1.39451    1.39451    1.39451    1.39451    1.39451    1.39451    1.39451    1.39451    1.39451
   1.30711    1.30711    1.30711    1.30711    1.30711    1.30711    1.30711    1.30711    1.30711
   1.02522    1.02522    1.02522    1.02522    1.02522    1.02522    1.02522    1.02522    1.02522
   0.56451    0.56451    0.56451    0.56451    0.56451    0.56451    0.56451    0.56451    0.56451
   0.63832    0.63832    0.63832    0.63832    0.63832    0.63832    0.63832    0.63832    0.63832
   1.13998    1.13998    1.13998    1.13998    1.13998    1.13998    1.13998    1.13998    1.13998
   1.39451    1.39451    1.39451    1.39451    1.39451    1.39451    1.39451    1.39451    1.39451
   1.35020    1.35020    1.35020    1.35020    1.35020    1.35020    1.35020    1.35020    1.35020
   1.10500    1.10500    1.10500    1.10500    1.10500    1.10500    1.10500    1.10500    1.10500
   1.35020    1.35020    1.35020    1.35020    1.35020    1.35020    1.35020    1.35020    1.35020
   1.39451    1.39451    1.39451    1.39451    1.39451    1.39451    1.39451    1.39451    1.39451
   1.13998    1.13998    1.13998    1.13998    1.13998    1.13998    1.13998    1.13998    1.13998
   0.63832    0.63832    0.63832    0.63832    0.63832    0.63832    0.63832    0.63832    0.63832
   0.65883    0.65883    0.65883    0.65883    0.65883    0.65883    0.65883    0.65883    0.65883
   1.16263    1.16263    1.16263    1.16263    1.16263    1.16263    1.16263    1.16263    1.16263
   1.36577    1.36577    1.36577    1.36577    1.36577    1.36577    1.36577    1.36577    1.36577
   1.10500    1.10500    1.10500    1.10500    1.10500    1.10500    1.10500    1.10500    1.10500
   0.02500    0.02500    0.02500    0.02500    0.02500    0.02500    0.02500    0.02500    0.02500
   1.10500    1.10500    1.10500    1.10500    1.10500    1.10500    1.10500    1.10500    1.10500
   1.36577    1.36577    1.36577    1.36577    1.36577    1.36577    1.36577    1.36577    1.36577
   1.16263    1.16263    1.16263    1.16263    1.16263    1.16263    1.16263    1.16263    1.16263
   0.65883    0.65883    0.65883    0.65883    0.65883    0.65883    0.65883    0.65883    0.65883
   0.63832    0.63832    0.63832    0.63832    0.63832    0.63832    0.63832    0.63832    0.63832
   1.13998    1.13998    1.13998    1.13998    1.13998    1.13998    1.13998    1.13998    1.13998
   1.39451    1.39451    1.39451    1.39451    1.39451    1.39451    1.39451    1.39451    1.39451
   1.35020    1.35020    1.35020    1.35020    1.35020    1.35020    1.35020    1.35020    1.35020
   1.10500    1.10500    1.10500    1.10500    1.10500    1.10500    1.10500    1.10500    1.10500
   1.35020    1.35020    1.35020    1.35020    1.35020    1.35020    1.35020    1.35020    1.35020
   1.39451    1.39451    1.39451    1.39451    1.39451    1.39451    1.39451    1.39451    1.39451
   1.13998    1.13998    1.13998    1.13998    1.13998    1.13998    1.13998    1.13998    1.13998
   0.63832    0.63832    0.63832    0.63832    0.63832    0.63832    0.63832    0.63832    0.63832
   0.56451    0.56451    0.56451    0.56451    0.56451    0.56451    0.56451    0.56451    0.56451
   1.02522    1.02522    1.02522    1.02522    1.02522    1.02522    1.02522    1.02522    1.02522
   1.30711    1.30711    1.30711    1.30711    1.30711    1.30711    1.30711    1.30711    1.30711
   1.39451    1.39451    1.39451    1.39451    1.39451    1.39451    1.39451    1.39451    1.39451
   1.36577    1.36577    1.36577    1.36577    1.36577    1.36577    1.36577    1.36577    1.36577
   1.39451    1.39451    1.39451    1.39451    1.39451    1.39451    1.39451    1.39451    1.39451
   1.30711    1.30711    1.30711    1.30711    1.30711    1.30711    1.30711    1.30711    1.30711
   1.02522    1.02522    1.02522    1.02522    1.02522    1.02522    1.02522    1.02522    1.02522
   0.56451    0.56451    0.56451    0.56451    0.56451    0.56451    0.56451    0.56451    0.56451
   0.42651    0.42651    0.42651    0.42651    0.42651    0.42651    0.42651    0.42651    0.42651
   0.78420    0.78420    0.78420    0.78420    0.78420    0.78420    0.78420    0.78420    0.78420
   1.02522    1.02522    1.02522    1.02522    1.02522    1.02522    1.02522    1.02522    1.02522
   1.13998    1.13998    1.13998    1.13998    1.13998    1.13998    1.13998    1.13998    1.13998
   1.16263    1.16263    1.16263    1.16263    1.16263    1.16263    1.16263    1.16263    1.16263
   1.13998    1.13998    1.13998    1.13998    1.13998    1.13998    1.13998    1.13998    1.13998
   1.02522    1.02522    1.02522    1.02522    1.02522    1.02522    1.02522    1.02522    1.02522
   0.78420    0.78420    0.78420    0.78420    0.78420    0.78420    0.78420    0.78420    0.78420
   0.42651    0.42651    0.42651    0.42651    0.42651    0.42651    0.42651    0.42651    0.42651
   0.23039    0.23039    0.23039    0.23039    0.23039    0.23039    0.23039    0.23039    0.23039
   0.42651    0.42651    0.42651    0.42651    0.42651    0.42651    0.42651    0.42651    0.42651
   0.56451    0.56451    0.56451    0.56451    0.56451    0.56451    0.56451    0.56451    0.56451
   0.63832    0.63832    0.63832    0.63832    0.63832    0.63832    0.63832    0.63832    0.63832
   0.65883    0.65883    0.65883    0.65883    0.65883    0.65883    0.65883    0.65883    0.65883
   0.63832    0.63832    0.63832    0.63832    0.63832    0.63832    0.63832    0.63832    0.63832
   0.56451    0.56451    0.56451    0.56451    0.56451    0.56451    0.56451    0.56451    0.56451
   0.42651    0.42651    0.42651    0.42651    0.42651    0.42651    0.42651    0.42651    0.42651
   0.23039    0.23039    0.23039    0.23039    0.23039    0.23039    0.23039    0.23039    0.23039
