   0.13581    0.13467    0.13243    0.12918    0.12509    0.12050    0.11593    0.11213    0.10993
   0.25752    0.25534    0.25106    0.24482    0.23695    0.22803    0.21907    0.21150    0.20707
   0.35295    0.34995    0.34402    0.33534    0.32431    0.31169    0.29879    0.28771    0.28109
   0.41330    0.40976    0.40276    0.39247    0.37931    0.36408    0.34829    0.33445    0.32599
   0.43381    0.43009    0.42271    0.41186    0.39793    0.38175    0.36484    0.34986    0.34058
   0.41330    0.40976    0.40276    0.39247    0.37931    0.36408    0.34829    0.33445    0.32599
   0.35295    0.34995    0.34402    0.33534    0.32431    0.31169    0.29879    0.28771    0.28109
   0.25752    0.25534    0.25106    0.24482    0.23695    0.22803    0.21907    0.21150    0.20707
   0.13581    0.13467    0.13243    0.12918    0.12509    0.12050    0.11593    0.11213    0.10993
   0.25752    0.25534    0.25106    0.24482    0.23695    0.22803    0.21907    0.21150    0.20707
   0.48797    0.48382    0.47564    0.46368    0.44848    0.43111    0.41339    0.39818    0.38911
   0.66810    0.66239    0.65106    0.63441    0.61309    0.58835    0.56261    0.53992    0.52597
   0.78135    0.77462    0.76124    0.74150    0.71599    0.68600    0.65412    0.62514    0.60664
   0.81942    0.81234    0.79826    0.77744    0.75043    0.71848    0.68411    0.65229    0.63140
   0.78135    0.77462    0.76124    0.74150    0.71599    0.68600    0.65412    0.62514    0.60664
   0.66810    0.66239    0.65106    0.63441    0.61309    0.58835    0.56261    0.53992    0.52597
   0.48797    0.48382    0.47564    0.46368    0.44848    0.43111    0.41339    0.39818    0.38911
   0.25752    0.25534    0.25106    0.24482    0.23695    0.22803    0.21907    0.21150    0.20707
   0.35295    0.34995    0.34402    0.33534    0.32431    0.31169    0.29879    0.28771    0.28109
   0.66810    0.66239    0.65106    0.63441    0.61309    0.58835    0.56261    0.53992    0.52597
   0.91303    0.90514    0.88948    0.86631    0.83628    0.80080    0.76277    0.72780    0.70520
   1.06487    1.05561    1.03714    1.00967    0.97367    0.93029    0.88222    0.83566    0.80333
   1.11400    1.10428    1.08488    1.05594    1.01782    0.97143    0.91899    0.86625    0.82720
   1.06487    1.05561    1.03714    1.00967    0.97367    0.93029    0.88222    0.83566    0.80333
   0.91303    0.90514    0.88948    0.86631    0.83628    0.80080    0.76277    0.72780    0.70520
   0.66810    0.66239    0.65106    0.63441    0.61309    0.58835    0.56261    0.53992    0.52597
   0.35295    0.34995    0.34402    0.33534    0.32431    0.31169    0.29879    0.28771    0.28109
   0.41330    0.40976    0.40276    0.39247    0.37931    0.36408    0.34829    0.33445    0.32599
   0.78135    0.77462    0.76124    0.74150    0.71599    0.68600    0.65412    0.62514    0.60664
   1.06487    1.05561    1.03714    1.00967    0.97367    0.93029    0.88222    0.83566    0.80333
   1.23536    1.22453    1.20285    1.17037    1.12718    1.07370    1.01139    0.94553    0.89337
   1.28195    1.27067    1.24807    1.21408    1.16858    1.11134    1.04228    0.96360    0.89170
   1.23536    1.22453    1.20285    1.17037    1.12718    1.07370    1.01139    0.94553    0.89337
   1.06487    1.05561    1.03714    1.00967    0.97367    0.93029    0.88222    0.83566    0.80333
   0.78135    0.77462    0.76124    0.74150    0.71599    0.68600    0.65412    0.62514    0.60664
   0.41330    0.40976    0.40276    0.39247    0.37931    0.36408    0.34829    0.33445    0.32599
   0.43381    0.43009    0.42271    0.41186    0.39793    0.38175    0.36484    0.34986    0.34058
   0.81942    0.81234    0.79826    0.77744    0.75043    0.71848    0.68411    0.65229    0.63140
   1.11400    1.10428    1.08488    1.05594    1.01782    0.97143    0.91899    0.86625    0.82720
   1.28195    1.27067    1.24807    1.21408    1.16858    1.11134    1.04228    0.96360    0.89170
   1.28823    1.27687    1.25405    1.21958    1.17303    1.11324    1.03719    0.93833    0.82270
   1.28195    1.27067    1.24807    1.21408    1.16858    1.11134    1.04228    0.96360    0.89170
   1.11400    1.10428    1.08488    1.05594    1.01782    0.97143    0.91899    0.86625    0.82720
   0.81942    0.81234    0.79826    0.77744    0.75043    0.71848    0.68411    0.65229    0.63140
   0.43381    0.43009    0.42271    0.41186    0.39793    0.38175    0.36484    0.34986    0.34058
   0.41330    0.40976    0.40276    0.39247    0.37931    0.36408    0.34829    0.33445    0.32599
   0.78135    0.77462    0.76124    0.74150    0.71599    0.68600    0.65412    0.62514    0.60664
   1.06487    1.05561    1.03714    1.00967    0.97367    0.93029    0.88222    0.83566    0.80333
   1.23536    1.22453    1.20285    1.17037    1.12718    1.07370    1.01139    0.94553    0.89337
   1.28195    1.27067    1.24807    1.21408    1.16858    1.11134    1.04228    0.96360    0.89170
   1.23536    1.22453    1.20285    1.17037    1.12718    1.07370    1.01139    0.94553    0.89337
   1.06487    1.05561    1.03714    1.00967    0.97367    0.93029    0.88222    0.83566    0.80333
   0.78135    0.77462    0.76124    0.74150    0.71599    0.68600    0.65412    0.62514    0.60664
   0.41330    0.40976    0.40276    0.39247    0.37931    0.36408    0.34829    0.33445    0.32599
   0.35295    0.34995    0.34402    0.33534    0.32431    0.31169    0.29879    0.28771    0.28109
   0.66810    0.66239    0.65106    0.63441    0.61309    0.58835    0.56261    0.53992    0.52597
   0.91303    0.90514    0.88948    0.86631    0.83628    0.80080    0.76277    0.72780    0.70520
   1.06487    1.05561    1.03714    1.00967    0.97367    0.93029    0.88222    0.83566    0.80333
   1.11400    1.10428    1.08488    1.05594    1.01782    0.97143    0.91899    0.86625    0.82720
   1.06487    1.05561    1.03714    1.00967    0.97367    0.93029    0.88222    0.83566    0.80333
   0.91303    0.90514    0.88948    0.86631    0.83628    0.80080    0.76277    0.72780    0.70520
   0.66810    0.66239    0.65106    0.63441    0.61309    0.58835    0.56261    0.53992    0.52597
   0.35295    0.34995    0.34402    0.33534    0.32431    0.31169    0.29879    0.28771    0.28109
   0.25752    0.25534    0.25106    0.24482    0.23695    0.22803    0.21907    0.21150    0.20707
   0.48797    0.48382    0.47564    0.46368    0.44848    0.43111    0.41339    0.39818    0.38911
   0.66810    0.66239    0.65106    0.63441    0.61309    0.58835    0.56261    0.53992    0.52597
   0.78135    0.77462    0.76124    0.74150    0.71599    0.68600    0.65412    0.62514    0.60664
   0.81942    0.81234    0.79826    0.77744    0.75043    0.71848    0.68411    0.65229    0.63140
   0.78135    0.77462    0.76124    0.74150    0.71599    0.68600    0.65412    0.62514    0.60664
   0.66810    0.66239    0.65106    0.63441    0.61309    0.58835    0.56261    0.53992    0.52597
   0.48797    0.48382    0.47564    0.46368    0.44848    0.43111    0.41339    0.39818    0.38911
   0.25752    0.25534    0.25106    0.24482    0.23695    0.22803    0.21907    0.21150    0.20707
   0.13581    0.13467    0.13243    0.12918    0.12509    0.12050    0.11593    0.11213    0.10993
   0.25752    0.25534    0.25106    0.24482    0.23695    0.22803    0.21907    0.21150    0.20707
   0.35295    0.34995    0.34402    0.33534    0.32431    0.31169    0.29879    0.28771    0.28109
   0.41330    0.40976    0.40276    0.39247    0.37931    0.36408    0.34829    0.33445    0.32599
   0.43381    0.43009    0.42271    0.41186    0.39793    0.38175    0.36484    0.34986    0.34058
   0.41330    0.40976    0.40276    0.39247    0.37931    0.36408    0.34829    0.33445    0.32599
   0.35295    0.34995    0.34402    0.33534    0.32431    0.31169    0.29879    0.28771    0.28109
   0.25752    0.25534    0.25106    0.24482    0.23695    0.22803    0.21907    0.21150    0.20707
   0.13581    0.13467    0.13243    0.12918    0.12509    0.12050    0.11593    0.11213    0.10993
