   0.00000    0.09749  310.15248    0.00000    0.00186  300.19418    0.00000   11.07534   49.26392
   0.00090    0.09742  310.15248    0.00002    0.00186  300.19418    0.00000   11.07534   49.22957
   0.00180    0.09738  310.15246    0.00007    0.00186  300.19418    0.00000   11.07534   49.21068
   0.00270    0.09737  310.15244    0.00013    0.00186  300.19418    0.00000   11.07534   49.20258
   0.00360    0.09738  310.15242    0.00019    0.00186  300.19418    0.00000   11.07534   49.20253
   0.00450    0.09740  310.15240    0.00024    0.00186  300.19418    0.00001   11.07534   49.20924
   0.00540    0.09743  310.15239    0.00028    0.00186  300.19418    0.00001   11.07534   49.22267
   0.00630    0.09749  310.15239    0.00030    0.00186  300.19418    0.00001   11.07534   49.24428
   0.00720    0.09757  310.15239    0.00027    0.00186  300.19418    0.00001   11.07534   49.27810
   0.00810    0.09771  310.15242    0.00019    0.00186  300.19418    0.00001   11.07534   49.33439
   0.00900    0.09797  310.15248    0.00001    0.00187  300.19418    0.00001   11.07534   49.44568
   0.00990    0.09872  310.15262   -0.00041    0.00187  300.19418    0.00001   11.07534   49.82598
   0.01080    0.10202  310.15310   -0.00186    0.00190  300.19418   -0.00001   11.07535   51.04061
   0.01170    0.10475  310.15418   -0.00509    0.00193  300.19419   -0.00003   11.07537   51.98182
   0.01260    0.10644  310.15565   -0.00949    0.00196  300.19420   -0.00008   11.07540   52.64152
   0.01350    0.10753  310.15736   -0.01462    0.00197  300.19422   -0.00013   11.07545   53.10333
   0.01440    0.10827  310.15922   -0.02022    0.00198  300.19424   -0.00019   11.07550   53.43143
   0.01530    0.10882  310.16120   -0.02616    0.00199  300.19426   -0.00026   11.07555   53.67278
   0.01620    0.10925  310.16327   -0.03234    0.00200  300.19429   -0.00033   11.07561   53.86273
   0.01710    0.10964  310.16540   -0.03874    0.00201  300.19431   -0.00040   11.07567   54.03127
   0.01800    0.11009  310.16760   -0.04534    0.00201  300.19434   -0.00048   11.07573   54.21267
   0.01890    0.11074  310.16989   -0.05222    0.00202  300.19437   -0.00056   11.07579   54.47356
   0.01980    0.11224  310.17235   -0.05960    0.00203  300.19439   -0.00065   11.07586   55.11355
   0.02070    0.11817  310.17544   -0.06886    0.00209  300.19443   -0.00075   11.07594   57.23440
   0.02160    0.12370  310.17964   -0.08146    0.00216  300.19448   -0.00089   11.07606   59.16574
   0.02250    0.12755  310.18467   -0.09655    0.00221  300.19453   -0.00106   11.07619   60.64722
   0.02340    0.13028  310.19028   -0.11338    0.00225  300.19460   -0.00126   11.07635   61.76507
   0.02430    0.13228  310.19630   -0.13144    0.00228  300.19467   -0.00147   11.07652   62.60821
   0.02520    0.13379  310.20262   -0.15040    0.00230  300.19475   -0.00170   11.07671   63.25164
   0.02610    0.13498  310.20917   -0.17006    0.00232  300.19483   -0.00194   11.07690   63.75690
   0.02700    0.13598  310.21591   -0.19026    0.00234  300.19491   -0.00219   11.07710   64.17740
   0.02790    0.13694  310.22280   -0.21096    0.00235  300.19499   -0.00245   11.07730   64.56922
   0.02880    0.13811  310.22988   -0.23217    0.00237  300.19508   -0.00271   11.07752   65.02309
   0.02970    0.14031  310.23721   -0.25418    0.00241  300.19517   -0.00299   11.07774   65.86132
   0.03060    0.14831  310.24539   -0.27870    0.00253  300.19528   -0.00331   11.07800   68.58797
   0.03150    0.15614  310.25509   -0.30783    0.00264  300.19541   -0.00369   11.07831   71.40183
   0.03240    0.16213  310.26602   -0.34061    0.00273  300.19555   -0.00413   11.07866   73.72339
   0.03330    0.16679  310.27788   -0.37619    0.00280  300.19571   -0.00461   11.07904   75.60538
   0.03420    0.17049  310.29047   -0.41396    0.00287  300.19589   -0.00513   11.07946   77.12570
   0.03510    0.17346  310.30364   -0.45345    0.00292  300.19607   -0.00567   11.07990   78.35947
   0.03600    0.17589  310.31726   -0.49433    0.00297  300.19626   -0.00625   11.08036   79.37478
   0.03690    0.17795  310.33126   -0.53634    0.00302  300.19646   -0.00685   11.08085   80.23539
   0.03780    0.17981  310.34559   -0.57933    0.00309  300.19667   -0.00748   11.08136   81.01074
   0.03870    0.18174  310.36023   -0.62324    0.00319  300.19689   -0.00815   11.08190   81.80867
   0.03960    0.18448  310.37524   -0.66828    0.00350  300.19715   -0.00892   11.08252   82.96261
   0.04050    0.19298  310.39112   -0.71590    0.00469  300.19755   -0.01012   11.08349   86.29882
   0.04140    0.20282  310.40879   -0.76891    0.00542  300.19812   -0.01182   11.08486   90.08728
   0.04230    0.21093  310.42803   -0.82664    0.00626  300.19882   -0.01394   11.08655   93.35596
   0.04320    0.21773  310.44858   -0.88829    0.00727  300.19969   -0.01654   11.08864   96.14639
   0.04410    0.22348  310.47022   -0.95321    0.00855  300.20076   -0.01976   11.09122   98.52699
   0.04500    0.22838  310.49278   -1.02088    0.01022  300.20210   -0.02375   11.09442  100.56492
   0.04590    0.23258  310.51611   -1.09089    0.01255  300.20378   -0.02880   11.09846  102.32422
   0.04680    0.23625  310.54012   -1.16289    0.01605  300.20597   -0.03538   11.10373  103.86887
   0.04770    0.23954  310.56470   -1.23665    0.02197  300.20897   -0.04439   11.11095  105.27292
   0.04860    0.24271  310.58982   -1.31200    0.03425  300.21350   -0.05797   11.12182  106.65397
   0.04950    0.24632  310.61549   -1.38900    0.07484  300.22199   -0.08344   11.14228  108.35150
   0.05040    0.25425  310.64202   -1.46859    0.22252  300.25054   -0.16907   11.21096  112.45047
   0.05130    0.26586  310.67042   -1.55380    0.23493  300.29132   -0.29143   11.30823  117.49212
   0.05220    0.27618  310.70074   -1.64476    0.24438  300.33393   -0.41926   11.40997  121.96062
   0.05310    0.28540  310.73277   -1.74084    0.25275  300.37806   -0.55166   11.51551  125.91201
   0.05400    0.29361  310.76630   -1.84146    0.26030  300.42355   -0.68812   11.62443  129.42214
   0.05490    0.30095  310.80118   -1.94609    0.26720  300.47026   -0.82823   11.73643  132.55478
   0.05580    0.30751  310.83725   -2.05429    0.27365  300.51808   -0.97170   11.85126  135.36844
   0.05670    0.31343  310.87437   -2.16566    0.27990  300.56695   -1.11833   11.96879  137.92334
   0.05760    0.31884  310.91245   -2.27989    0.28645  300.61689   -1.26813   12.08903  140.29353
   0.05850    0.32394  310.95140   -2.39675    0.29452  300.66802   -1.42151   12.21231  142.60237
   0.05940    0.32916  310.99121   -2.51616    0.30950  300.72095   -1.58032   12.34012  145.19650
   0.06030    0.33691  311.03202   -2.63860    0.36938  300.78010   -1.75777   12.48313  150.37605
   0.06120    0.35005  311.07471   -2.76669    0.39085  300.84729   -1.95932   12.64530  157.20434
   0.06210    0.36303  311.11971   -2.90167    0.40684  300.91757   -2.17018   12.81507  163.39220
   0.06300    0.37532  311.16690   -3.04325    0.42119  300.99045   -2.38882   12.99129  169.01319
   0.06390    0.38680  311.21615   -3.19100    0.43436  301.06568   -2.61450   13.17337  174.16556
   0.06480    0.39746  311.26730   -3.34446    0.44655  301.14305   -2.84662   13.36085  178.91710
   0.06570    0.40734  311.32022   -3.50320    0.45793  301.22241   -3.08470   13.55335  183.32347
   0.06660    0.41651  311.37475   -3.66681    0.46868  301.30362   -3.32833   13.75056  187.44154
   0.06750    0.42509  311.43079   -3.83491    0.47908  301.38659   -3.57724   13.95226  191.34527
   0.06840    0.43324  311.48823   -4.00724    0.48973  301.47129   -3.83134   14.15842  195.16545
   0.06930    0.44127  311.54702   -4.18360    0.50261  301.55791   -4.09118   14.36946  199.26807
   0.07020    0.45058  311.60722   -4.36420    0.53493  301.64782   -4.36094   14.58880  206.17413
   0.07110    0.46561  311.66948   -4.55099    0.56567  301.74414   -4.64987   14.82368  215.84056
   0.07200    0.48247  311.73456   -4.74622    0.59007  301.84507   -4.95266   15.06990  224.84297
   0.07290    0.49943  311.80258   -4.95028    0.61253  301.95002   -5.26753   15.32607  233.24120
   0.07380    0.51597  311.87349   -5.16303    0.63364  302.05871   -5.59360   15.59154  241.15717
   0.07470    0.53188  311.94721   -5.38418    0.65363  302.17091   -5.93019   15.86576  248.66552
   0.07560    0.54711  312.02360   -5.61335    0.67268  302.28642   -6.27673   16.14830  255.82172
   0.07650    0.56165  312.10254   -5.85015    0.69094  302.40508   -6.63272   16.43879  262.68193
   0.07740    0.57558  312.18389   -6.09423    0.70862  302.52677   -6.99779   16.73694  269.32440
   0.07830    0.58901  312.26757   -6.34525    0.72613  302.65141   -7.37169   17.04256  275.89809
   0.07920    0.60222  312.35349   -6.60302    0.74460  302.77903   -7.75456   17.35580  282.82423
   0.08010    0.61615  312.44167   -6.86757    0.77144  302.91022   -8.14812   17.67803  292.97181
   0.08100    0.63545  312.53261   -7.14037    0.81326  303.04771   -8.56061   18.01587  307.97992
   0.08190    0.65954  312.62735   -7.42460    0.85240  303.19222   -8.99413   18.37090  322.53168
   0.08280    0.68535  312.72644   -7.72187    0.88998  303.34337   -9.44758   18.74229  336.55840
   0.08370    0.71168  312.83006   -8.03273    0.92637  303.50091   -9.92020   19.12946  350.18377
   0.08460    0.73794  312.93824   -8.35726    0.96179  303.66463  -10.41136   19.53195  363.48233
   0.08550    0.76388  313.05092   -8.69532    0.99642  303.83437  -10.92058   19.94938  376.51026
   0.08640    0.78940  313.16804   -9.04667    1.03040  304.00998  -11.44741   20.38144  389.33070
   0.08730    0.81449  313.28951   -9.41108    1.06396  304.19136  -11.99155   20.82791  402.04602
   0.08820    0.83927  313.41525   -9.78830    1.09753  304.37845  -12.55282   21.28867  414.87479
   0.08910    0.86402  313.54522  -10.17821    1.13224  304.57133  -13.13146   21.76394  428.46628
